ambientLight:0.0986575484276:0.0:0.0943958461285
directionalLight:0.0:0.0468783639371:0.0858725085855:-1.0:0.944598317146:-0.404858291149
directionalLight:0.0:0.0468783639371:0.0858725085855:-0.514170050621:-0.189004957676:1.0
directionalLight:0.0:0.0468783639371:0.0858725085855:0.546985030174:-1.0:-0.363733351231
hyperspaceColor:0.0:0.859364926815:1.0
