ambientLight:0.042616661638:0.0468783937395:0.26699334383
directionalLight:0.042616661638:0.0468783937395:0.26699334383:-1.0:0.323886632919:-0.622203290462
directionalLight:0.042616661638:0.0468783937395:0.273385822773:-0.326656758785:-0.110803365707:1.0
directionalLight:0.042616661638:0.0468783937395:0.273385822773:1.0:0.778393387794:-0.350948274136
hyperspaceColor:0.102280005813:0.0767100527883:1.0
