hyperspaceColor:1.0:0.0:0.0
ambientLight:0.207330018282:0.0:0.0
directionalLight:0.207330018282:0.0:0.0:-1.0:-0.0554016232491:-0.0468783378601
directionalLight:0.207330018282:0.0:0.0:1.0:0.629235029221:0.764329910278
