ambientLight:0.0:0.0255700163543:0.0
directionalLight:0.0:0.12635833025:0.0:-0.581078231335:0.458768486977:1.0
directionalLight:0.0:0.11858087033:0.0:-0.419135034084:-0.346686601639:-1.0
hyperspaceColor:0.0:1.0:0.0958874672651
