directionalLight:1.0:1.0:1.0:-1.0:-0.260829091072:-0.235987961292
directionalLight:0.0519071146846:0.0788181126118:0.106686323881:-0.619106650352:1.0:0.124204754829
ambientLight:0.0519071146846:0.05397715047:0.054934464395
