ambientLight:0.0639249458909:0.0:0.138504132628
directionalLight:0.0958874374628:0.0149158118293:0.0:-0.0724482536316:-1.0:-0.41764330864
directionalLight:0.0958874374628:0.0149158118293:0.0:0.0:-0.0198168158531:-1.0
directionalLight:0.0958874374628:0.0149158118293:0.0:0.910505056381:-0.505646765232:1.0
hyperspaceColor:0.405497521162:0.0:1.0
