ambientLight:0.110803313553:0.157681673765:0.196036726236
directionalLight:0.06818664819:0.102280005813:0.119326740503:0.311101675034:1.0:0.0
directionalLight:0.0490091666579:0.0831025242805:0.106541767716:0.0213083028793:0.00277006626129:-1.0
directionalLight:0.0490091666579:0.0831025242805:0.106541767716:-0.0383549928665:-1.0:-0.00277012586594
hyperspaceColor:1.0:0.855103313923:0.780524253845
