ambientLight:0.0207007564604:0.0269109960645:0.0
directionalLight:0.9689489007:0.882006108761:0.735030829906:-1.0:0.554779648781:0.107643485069
